1
1
1
1
1
1
1
1
1
1
1
1
1
1
1
1
1
1
1
1
1
1
1
1
1
18
14
14
14
14
14
14
14
14
14
19
1
1
1
1
1
1
1
1
1
13
4
2
2
2
2
2
2
2
5
15
1
1
1
1
1
1
1
1
1
13
3
0
0
0
0
0
0
0
3
15
1
1
1
1
1
1
1
1
1
13
3
0
0
1
1
1
1
0
3
15
1
1
1
1
1
1
1
1
1
13
3
0
0
1
1
1
1
0
3
15
1
1
1
1
1
1
1
1
1
13
3
0
0
0
0
0
0
0
3
15
1
1
1
1
1
1
1
1
1
1
12
12
12
12
12
12
12
12
12
1
1
1
1
1
14
14
14
14
14
14
14
14
14
14
14
14
14
14
14
14
14
14
14
14
0
0
0
0
0
0
0
0
0
0
0
0
0
0
0
0
0
0
0
0
2
2
2
2
2
2
2
2
2
2
2
2
2
2
2
2
2
2
2
2
2
2
2
2
2
2
2
2
2
2
2
2
2
2
2
2
2
2
2
2
0
0
0
0
0
0
0
0
0
0
0
0
0
0
0
0
0
0
0
0
1
1
0
0
0
0
12
4
4
4
12
12
12
12
1
8
1
1
8
8
2
2
2
2
8
8
8
8
8
8
4
4
4
4
4
8
8
8
8
8
1
1
2
1
8
8
8
8
8
8
8
8
16
16
16
8
8
1
1
1
1
1
2
12
12
12
12
8
16
16
16
16
16
8
8
1
1
1
1
1
1
1
0
0
0
8
8
16
16
8
8
8
8
1
1
1
1
1
1
1
1
1
1
1
8
8
8
8
8
8
8
8
2
1
1
1
1
1
1
1
1
1
1
1
8
8
8
8
3
8
8
1
2
2
1
1
1
1
1
1
